893
2850
310
518
736
214
546
643
1398
107
3346
1061
892
988
286
1101
410
771
587
744
493
935
1178
3286
1562
547
243
190
1588
442
586
470
1206
241
493
1559
229
1069
350
1001
1518
1936
1044
1186
512
259
3763
1904
2185
324
336
258
164
1189
1386
1627
545
1409
1311
293
260
632
2780
3129
3676
2128
3054
434
1440
472
1393
302
2332
1889
109
1719
563
641
806
1144
491
1159
676
505
1441
419
2526
1099
565
1414
684
106
978
1360
771
1585
220
822
719
968
558
886
770
450
390
2195
482
725
810
294
514
744
430
813
526
1739
1123
735
121
207
320
1854
765
628
223
1251
850
484
815
1439
4975
102
1503
176
609
903
798
762
980
8112
718
708
423
251
3106
2536
2581
363
922
787
400
448
1183
445
380
1637
380
156
1970
434
2881
377
280
897
649
362
613
304
2077
1761
1589
1656
173
541
718
5010
545
1198
156
799
673
259
1421
1408
540
618
2424
428
1971
827
1218
236
507
1171
1525
532
1093
1913
2468
2522
535
415
1018
162
111
930
2706
440
89
5702
1546
1128
1661
1129
506
921
689
572
3753
1155
822
2147
2030
2502
1026
408
229
1098
3888
482
377
641
2209
2269
733
1479
4211
2999
845
438
2074
2125
1049
1293
1534
173
326
334
272
571
3560
1139
414
806
844
878
2186
2543
2951
1159
1294
1986
1268
389
1175
3967
1480
1389
4785
524
1153
8120
136
952
191
2765
880
241
258
1273
3124
460
151
513
1723
380
1777
3269
488
1906
454
1189
3751
487
2663
684
621
6277
2294
994
434
750
292
496
496
2431
1486
899
166
1075
3254
1132
1190
118
1999
440
475
518
1749
1426
449
1650
870
483
321
701
582
1764
908
911
3025
12445
605
793
1700
694
621
374
2790
909
371
427
307
2624
187
614
1061
229
312
109
704
269
1345
1003
1395
1173
1576
1419
1862
1041
844
580
370
1723
377
5211
236
174
724
3242
551
1831
1380
582
164
3506
1055
199
859
531
1495
461
1215
3149
1436
3951
3243
735
223
952
474
1214
419
827
176
585
70
1141
609
402
10095
515
334
847
940
1745
467
1392
415
186
2588
567
688
325
777
176
1268
851
228
493
436
3440
1687
2191
11520
635
232
135
571
680
994
872
1454
612
1621
295
756
245
2213
347
642
647
478
2401
1234
723
228
742
483
417
875
436
132
1856
421
678
1429
1021
2561
513
279
707
7010
1124
1206
3331
729
952
318
530
482
1632
786
3764
748
394
191
2462
1091
250
531
3542
384
4030
2942
3661
614
1187
460
580
726
548
1652
1171
503
1703
1686
794
682
234
851
1070
591
4942
777
1062
1860
730
650
291
759
1267
3309
1916
1938
304
853
372
380
278
249
303
1263
374
842
3101
2840
2294
505
493
409
1980
932
3206
252
1136
623
2809
2243
532
4650
1321
264
431
678
314
183
868
691
1048
4238
1580
2259
284
435
969
849
705
601
5438
142
240
1711
3190
1999
2202
395
636
590
451
1060
2876
2646
1868
847
537
888
928
829
850
1430
705
965
537
1888
514
3513
3735
203
506
2778
484
363
4094
1612
884
608
1838
697
591
1450
547
1078
699
400
365
344
6648
3569
622
378
1710
2112
700
1197
388
878
617
2923
1693
478
842
666
1131
249
613
1805
650
474
696
850
1819
2303
379
914
537
1734
3616
603
2594
1440
334
792
1630
1208
221
567
348
312
270
660
2027
342
1285
1178
148
250
804
1567
99
2736
738
504
3130
1171
524
2079
1148
741
2083
1648
4261
504
559
1048
815
311
395
1878
1108
2966
829
2016
1064
506
1194
550
937
489
2115
827
525
3086
1739
680
149
6620
997
274
829
851
408
818
413
564
240
1723
379
258
4675
320
292
2290
1227
2063
423
2568
715
1192
752
582
644
5280
383
323
654
321
8620
1267
515
967
4892
369
414
551
674
357
2385
765
403
3864
795
1393
1813
747
1444
2967
1192
673
893
361
2225
268
2899
410
1795
3125
407
741
283
2231
1423
406
2343
779
543
211
626
631
1145
1471
179
513
1010
615
513
249
554
1378
733
1092
1373
1858
278
2289
157
1990
653
3593
957
2194
275
702
884
902
411
170
978
637
251
2149
3431
709
3124
449
1316
342
729
1008
3755
1587
308
358
757
497
770
561
961
540
1080
161
938
638
1535
241
603
1010
6430
487
833
248
1112
1411
392
890
930
1192
759
1025
1995
721
857
2034
1202
1053
522
794
1144
1390
1187
441
877
475
737
177
326
857
2148
585
466
2899
1484
1433
2361
554
548
1612
332
162
2718
1699
1025
1082
842
1087
2112
324
621
407
1111
479
771
382
1008
276
700
731
470
3915
889
382
2085
575
2011
1577
938
981
942
497
4602
164
592
2959
806
877
225
1332
676
470
1461
2004
2327
1267
674
962
193
1185
3579
4218
667
1224
1018
764
853
1067
2465
4231
1785
449
509
1258
1717
3214
360
511
556
791
1030
619
1199
4407
531
1635
1618
2694
1299
2065
462
546
458
3053
515
504
299
978
341
455
588
2374
2445
288
433
545
165
2790
297
281
1031
533
4027
740
521
558
739
522
1552
366
1972
258
872
588
383
1352
332
107
582
255
1008
173
648
508
302
1023
538
269
402
1171
327
2179
572