345
248
253
408
874
378
357
190
247
74
527
725
233
507
177
115
233
196
192
290
878
144
207
422
251
987
120
1174
299
112
339
128
138
545
366
224
193
451
399
748
316
828
172
110
159
136
299
147
237
242
523
604
562
224
453
573
647
197
651
437
390
256
234
190
158
207
562
329
733
372
616
265
339
75
507
416
483
362
640
200
275
1545
428
432
130
494
615
350
176
1072
876
532
67
257
180
536
414
144
472
477
92
842
941
155
188
345
55
239
393
277
382
184
513
233
549
302
185
312
269
140
212
417
828
115
320
279
396
862
377
120
359
645
375
92
739
349
366
1260
98
620
714
90
544
312
474
119
124
631
174
330
198
239
290
505
678
107
122
87
259
802
483
222
1110
304
1567
177
232
396
813
217
679
776
406
424
121
1192
449
145
358
393
740
395
185
451
203
434
232
416
1532
242
928
243
478
403
889
286
314
246
376
111
339
1255
533
1001
540
887
146
555
156
559
984
237
502
739
674
374
460
150
656
751
760
494
70
190
127
602
604
138
137
581
1466
497
171
234
476
298
294
559
352
1013
717
1043
560
428
102
307
499
725
1168
116
225
402
588
117
806
168
451
160
1692
208
242
186
1867
453
358
306
344
1039
73
66
314
92
318
328
566
105
62
448
437
643
993
132
241
279
124
122
223
404
812
410
1030
731
373
399
150
220
332
518
200
486
169
254
321
371
166
125
210
272
885
1426
408
161
149
78
215
279
311
288
149
578
743
158
272
174
623
117
741
666
175
483
26
955
2976
1424
1622
290
122
166
746
1061
161
84
1211
211
522
432
362
97
136
354
1132
629
957
563
89
90
700
728
185
372
286
456
231
419
465
272
286
127
523
259
358
198
284
216
285
535
276
635
127
2247
171
244
702
130
245
1590
706
413
319
345
687
592
718
1326
165
252
632
389
305
270
190
32
173
321
402
268
495
417
171
75
188
826
817
156
288
136
507
228
841
537
511
303
482
461
204
130
449
467
196
454
242
516
284
222
407
304
282
287
136
236
537
257
737
470
87
251
130
606
638
810
248
190
505
186
161
130
292
276
141
166
71
618
249
178
150
397
834
273
677
442
285
216
212
214
220
285
256
1885
201
177
1997
657
1021
267
303
213
299
535
366
413
481
280
416
185
260
233
256
365
196
231
302
455
172
245
281
260
565
100
617
136
385
599
361
462
175
254
241
795
641
221
262
307
254
460
160
585
176
133
280
146
392
839
298
303
364
582
219
345
946
242
142
359
317
933
179
275
138
158
205
228
126
1009
237
133
1204
205
360
341
388
131
69
413
324
834
1031
269
376
245
397
149
489
257
199
159
149
121
235
653
696
311
280
125
1139
1299
308
228
279
1526
1344
165
98
337
1728
343
638
958
296
1098
387
216
1170
493
1892
364
411
602
304
494
258
612
797
1020
235
319
349
189
305
998
656
412
347
516
376
237
313
115
332
250
565
627
491
197
274
714
162
362
646
322
399
279
199
300
925
1112
1313
894
156
546
511
525
145
88
304
258
77
193
431
607
312
1207
487
388
574
181
2188
104
754
202
509
140
695
265
137
110
312
427
55
1883
20
241
344
197
381
379
393
366
178
139
396
141
574
317
186
298
278
374
194
531
406
812
583
117
151
444
563
105
111
730
445
289
1010
986
532
496
439
1001
479
904
175
229
1154
197
2087
124
239
727
331
196
908
57
204
324
985
837
158
571
548
584
273
290
673
390
526
144
261
304
360
239
479
255
178
501
189
225
135
42
706
118
202
502
192
442
730
340
341
197
365
208
371
286
1093
498
231
585
104
203
121
834
264
314
419
289
524
694
571
40
150
81
648
864
437
583
905
328
1254
265
187
351
1242
372
50
434
836
835
103
500
813
764
515
181
213
128
468
706
157
285
837
764
404
252
248
56
355
597
535
683
501
119
940
725
157
610
41
1123
211
180
90
274
105
1579
146
149
324
388
552
219
547
231
289
782
1175
97
940
365
588
273
465
721
268
302
3509
592
385
650
336
603
207
187
587
402
397
332
307
211
568
330
1029
143
190
369
447
158
288
223
269
312
83
164
63
376
191
717
312
761
167
398
186
364
224
368
1174
450
188
382
325
220
1302
141
275
865
141
507
283
208
178
47
842
106
570
219
891
481
147
318
708
348
1616
893
144
137
686
119
312
146
404
115
110
1114
821
651
685
173
172
625
52
307
341
1119
83
212
389
221
1008
285
111
447
383
1190
295
193
175
686
691
474
130
145
121
433
368
351
385
590
695
515
184
349
620
370
58
667
520
260
190
848
799
241
468
532
768
559
263
293
370
135
280
1232
624
399
1430
337