953
250
119
50
214
160
699
111
313
184
165
280
153
631
249
160
124
135
169
252
35
247
28
167
230
350
187
245
1370
403
128
1958
194
72
583
2010
91
171
177
527
700
284
1726
431
277
90
172
284
185
604
314
139
322
689
514
376
499
202
134
357
92
268
45
819
144
227
211
74
1562
617
291
92
365
112
118
394
464
194
526
419
224
231
201
484
80
316
424
104
123
428
509
3123
338
443
193
239
125
57
168
416
224
185
297
336
156
286
74
62
42
68
100
568
182
187
309
209
484
749
309
179
104
185
56
54
208
380
188
227
207
1147
560
762
368
170
2198
117
1379
168
675
199
358
189
213
253
149
53
142
442
1156
135
201
537
532
40
162
131
496
262
982
229
175
510
120
330
943
73
55
164
191
127
50
87
2978
142
159
119
620
685
575
2069
446
414
95
1815
196
354
128
555
929
355
652
122
508
203
313
353
182
83
120
263
274
120
565
217
248
196
304
191
197
210
269
403
3255
858
543
103
394
402
70
148
339
315
991
127
245
337
274
371
544
347
312
56
144
275
571
160
328
43
45
430
190
85
285
951
1020
763
229
331
101
65
144
531
389
251
83
1584
658
101
275
298
207
113
250
171
121
245
7405
92
206
363
82
78
1326
1392
545
159
143
135
1009
352
656
139
403
88
244
279
445
793
151
414
321
81
20
52
303
1068
438
249
62
730
60
454
92
523
275
203
1820
319
158
434
114
89
168
272
130
396
132
154
90
15
35
819
252
715
149
521
209
531
607
171
120
158
53
139
1188
865
122
589
289
106
219
901
148
650
337
265
254
288
292
349
464
96
275
97
124
69
594
450
102
223
670
133
295
272
83
562
235
454
550
826
1977
486
154
114
149
166
384
226
232
275
107
1132
1480
431
216
188
892
999
233
377
49
216
553
940
551
138
68
116
356
136
592
88
1323
150
152
257
145
264
35
740
71
205
54
899
186
171
208
581
453
317
103
58
344
1232
128
456
166
306
243
289
780
455
479
151
192
391
7358
350
890
238
158
165
240
275
41
894
165
162
254
498
329
492
351
126
339
175
291
58
51
693
241
265
155
373
33
354
257
399
375
570
159
102
174
405
42
564
225
352
33
444
267
985
377
165
707
264
211
145
200
228
358
94
207
80
382
850
397
175
146
132
134
549
172
260
219
90
502
81
262
244
349
9
1333
332
313
176
178
76
712
238
155
411
98
77
424
272
360
493
376
67
248
200
320
163
334
327
1138
562
214
751
388
290
133
92
479
1326
148
212
349
664
386
119
116
228
338
132
395
555
681
214
107
54
156
337
381
124
313
384
505
500
233
37
555
674
362
86
145
268
112
649
667
211
1096
258
685
257
543
271
395
517
184
362
313
278
623
475
386
424
285
679
81
197
93
291
107
340
71
721
252
761
63
153
260
152
469
271
78
299
224
125
97
543
554
73
81
163
871
409
188
1446
184
65
323
193
152
142
413
870
476
271
847
139
178
70
1159
215
336
132
141
996
215
262
131
760
295
2634
454
192
288
84
867
377
409
617
446
903
476
604
180
204
180
272
322
155
119
268
519
284
1230
217
436
213
816
412
173
716
269
40
309
61
222
139
461
111
187
254
71
434
1178
219
58
150
588
264
388
209
405
328
108
352
1941
127
56
72
145
542
45
136
216
55
260
52
87
133
77
161
296
577
196
355
109
128
540
187
2048
287
83
333
66
215
295
240
494
159
263
264
585
387
390
88
287
85
81
75
404
130
973
376
329
191
266
89
174
78
185
180
131
282
309
832
231
331
272
339
390
91
102
865
447
455
101
193
133
68
820
92
238
61
258
228
81
476
163
349
528
125
59
1789
369
234
476
828
1296
172
184
143
920
146
606
107
650
194
553
179
679
158
1241
139
607
342
399
220
293
179
123
84
427
35
59
111
218
356
133
262
14
157
715
3606
326
350
159
133
106
359
67
162
617
92
573
87
281
219
152
113
291
245
122
394
346
330
605
228
2317
853
47
1434
653
335
501
606
801
211
60
220
366
112
41
339
267
96
49
646
55
152
1017
792
236
230
607
579
114
355
129
361
137
436
1175
736
156
359
1042
247
292
85
242
76
274
331
1574
287
595
109
904
202
137
53
66
135
832
921
396
922
100
1420
538
271
2314
274
151
91
361
560
289
2068
763
360
334
125
189
108
68
681
593
625
209
1489
151
385
112
31
92
591
258
751
74
309
111
86
155
240
612
105
438
154
373
469
397
182
92
200
23
337
112
1154
1225
307
867
59
1504
491
306
90
366
225
459
476
144
405
361
187
82
290
1379
619
79
265
243
105
250
110