26
202
106
346
187
56
311
471
273
255
72
332
714
607
551
78
158
598
195
469
422
40
1042
574
61
196
377
196
81
273
292
68
269
660
179
80
282
222
355
237
98
244
216
78
121
389
677
342
41
112
79
237
51
554
104
674
366
300
122
185
114
136
1092
86
709
421
100
38
15
177
228
55
250
533
1167
237
82
88
310
129
227
121
54
200
1343
105
80
687
115
145
141
383
517
285
91
117
1938
64
42
352
1576
856
603
173
257
60
805
70
311
75
79
550
349
34
100
406
594
231
19
229
157
106
154
114
182
133
173
438
694
655
432
89
752
193
211
233
378
670
62
195
311
189
157
662
51
225
46
178
304
59
305
89
105
21
76
209
154
388
410
59
349
343
110
146
611
151
234
224
92
1019
24
393
223
1069
138
128
216
90
86
54
173
138
517
125
130
41
73
287
937
104
81
366
129
258
117
496
223
47
615
164
422
725
61
331
70
202
181
54
54
105
483
102
242
201
206
58
117
323
690
145
225
392
665
632
195
272
314
117
323
249
286
206
196
260
156
579
110
392
268
762
496
55
75
229
235
105
455
129
92
183
219
26
327
294
704
51
141
421
793
122
91
132
43
222
381
127
961
512
272
128
185
323
590
342
108
379
551
415
129
251
1644
291
457
350
67
384
233
319
277
43
119
229
387
336
146
393
106
693
265
1043
61
156
32
450
230
41
296
180
641
76
421
61
39
1589
123
215
212
303
163
179
364
154
316
203
101
262
424
504
264
143
110
117
123
224
108
120
218
398
415
942
237
33
166
333
99
85
220
526
170
285
94
154
249
209
247
252
644
93
834
334
103
436
121
96
461
611
410
209
233
649
65
292
151
97
79
148
181
48
1090
548
135
130
140
49
318
214
231
218
144
253
2624
84
320
173
240
222
543
77
176
731
95
153
216
512
274
134
561
122
103
99
246
352
106
189
566
72
130
147
58
2183
133
335
478
50
91
311
55
245
234
266
124
198
562
37
285
261
178
104
106
84
154
215
204
414
289
785
198
777
838
108
131
485
167
425
303
238
264
802
92
416
34
491
445
339
53
476
284
521
78
104
154
935
98
551
646
107
249
71
346
81
181
365
81
433
56
182
109
136
26
680
156
1359
132
70
37
89
170
29
358
79
469
1698
507
52
125
473
108
382
621
179
250
637
431
1485
233
270
211
192
141
142
261
646
328
216
473
183
396
65
771
33
552
139
390
124
241
595
202
2067
437
175
220
136
59
1105
31
65
198
92
125
217
83
1488
734
2115
402
272
57
48
657
22
402
434
540
237
2090
118
152
100
239
351
159
64
170
175
713
340
184
63
105
316
124
715
476
342
85
289
689
219
181
215
377
218
258
1890
170
197
165
63
142
114
265
116
682
249
144
62
88
365
68
587
424
126
131
468
149
61
946
793
518
185
97
131
79
208
363
169
668
123
222
1388
224
41
219
158
62
195
213
659
98
35
271
274
215
323
47
534
667
278
114
130
155
678
271
204
499
246
273
181
813
99
262
47
758
90
46
663
128
368
60
955
548
327
408
234
185
32
3579
136
305
154
87
117
705
501
233
382
168
90
164
355
35
213
387
435
122
68
82
221
479
835
234
46
72
145
348
462
156
101
305
360
46
192
214
102
191
228
19
704
127
277
192
58
283
636
236
157
243
218
113
87
138
142
317
475
142
194
54
265
529
31
163
171
213
224
127
85
184
64
321
245
41
254
212
709
190
860
463
249
369
83
100
585
1343
182
120
251
114
57
608
62
207
39
224
44
82
102
424
664
162
1759
344
161
152
672
27
46
168
384
591
364
575
99
346
554
727
658
91
486
151
497
118
309
252
138
87
220
108
119
223
2619
326
95
408
100
292
434
1120
303
787
74
93
1136
86
95
91
146
297
908
241
227
199
96
258
117
788
956
122
394
929
412
24
654
192
45
270
156
402
313
43
1092
965
563
337
122
64
287
666
303
276
404
409
900
212
511
706
184
33
193
298
234
189
294
325
400
717
420
119
188
72
428
581
408
149
47
246
53
441
118
159
287
393
322
332
116
140
552
158
87
1213
221
246
460
105
131
628
967
71
105
559
530
190
201
337
182
797
557
276
469
277
235
143
49
104
374
1185
37
460
284
220
343
53
184
80
284
81
347
230
260
309
105
187
255
87
274
73
101
349
201
897
182
1220
131
463
110
196
281
222
790
586
139
260
121
356
50
1215
224
1762
245
186
130
453
84
321
151
152
182
218
1492
128
115
571
256
24
60
790
317
106
225
230
1490
169
336
750
732
262
114
253
280
83
220