115
1267
45
460
82
100
1376
65
120
81
10
19
64
30
11504
5151
156
27
805
415
76
2264
281
90
91
232
462
69
262
161
406
535
151
1037
763
877
338
138
101
574
344
535
62
213
4500
313
150
603
111
86
100
895
185
40
29
22
1756
590
139
1299
26
123
346
29
147
14
135
45
108
11
88
27
41
116
169
100
18
543
40
21
424
99
367
82
27
398
127
257
559
77
21
30
81
18
179
17
29
482
256
9
176
49
39
79
71
31
374
668
54
68
85
1321
22
117
18
241
49
48
69
621
59
47
57
18
23
96
71
355
39
291
393
24
297
67
450
128
167
327
523
41
43
481
141
178
127
21
204
236
275
90
401
14
130
183
241
105
323
7388
180
193
80
129
312
16
82
163
175
42
125
42
277
158
1923
35
164
8
669
351
54
364
64
1027
308
34
200
119
81
44
1273
407
27
127
23
173
502
9
29
877
2
22
285
449
166
58
192
8
135
170
34
13
271
24
169
77
732
330
82
24
352
106
171
50
34
106
32
7
82
26
95
21
67
69
31
1594
49
6
2013
727
32
19
18
313
11
26
144
21
118
176
73
25
14
5
74
137
15
70
43
121
119
125
209
176
428
158
29
50
39
917
97
171
35
318
245
459
16
4561
112
13
198
146
621
89
1872
19
465
44
627
209
555
25
13
38
86
14
252
15
5
25
104
858
40
44
774
6
244
210
51
30
13
28
272
302
77
20
51
239
30
66
9
65
1417
56
85
18
2674
157
35
427
44
44
9
79
30
164
44
20
68
13
42
45
72
516
50
497
141
29
986
83
77
27
126
70
113
84
34
55
204
351
35
45
92
354
5
22
2
36
20
270
57
45
176
287
76
49
47
1322
57
69
185
58
477
2464
234
1202
250
34
520
264
677
37
474
20
731
107
693
108
54
323
40
586
61
1487
42
156
104
17
129
6
22
390
20
8
146
161
10
217
782
257
155
354
54
246
4391
266
117
39
471
19
16
11
7
203
265
47
31
232
62
50
288
159
50
92
150
221
74
4
36
45
26
325
1
111
13
113
40
116
77
10
611
162
335
13
58
134
185
32
1011
40
68
138
31
30
207
199
88
46
1184
95
26
3
9
28
286
3035
27
86
169
383
286
83
177
810
63
246
16
212
72
24
201
17
92
2254
147
90
88
25
505
128
58
133
483
258
333
9
85
37
9
159
86
78
22
139
104
56
1743
21
81
18
1166
116
10805
251
241
21
40
16
134
26
88
983
36
372
300
447
5
421
27
39
85
81
386
393
33
15
103
11
58
84
128
412
11
40
80
230
74
74
39
39
49
185
42
451
29
14
42
126
138
115
465
122
98
70
82
103
128
431
498
161
36
299
19
11
40
13
83
25
80
443
194
67
154
261
116
293
46
37
151
281
2280
32
100
459
600
37
47
78
294
61
440
346
45
83
36
33
235
251
758
1526
472
224
47
4
8
15
291
1096
19
128
130
22
15
170
37
220
101
3027
162
20
97
185
467
223
360
30
217
43
41
279
13
252
83
69
139
68
83
87
356
8
609
569
521
402
77
108
201
9
66
63
89
25
15
43
1403
512
18
36
38
533
199
155
88
1454
1440
138
6
140
234
22
31
121
58
5
209
12
27
145
21
256
254
19
120
120
100
83
142
77
152
45
741
1774
101
113
23
589
162
331
14
187
526
283
38
127
10
273
1131
133
17
1197
210
34
67
667
25
348
565
490
19115
140
53
92
91
54
72
128
433
609
445
50
42
210
1462
23
31
16
344
122
138
86
29
27
102
123
51
35
72
178
198
55
151
14
72
141
535
232
123
182
114
22
83
166
193
327
32
61
32
495
276
10
112
83
250
110
8
83
103
333
166
139
46
70
61
67
49
15
133
76
38
946
35
106
302
383
330
13
168
577
83
812
285
423
208
273
123
55
1719
88
4
42
143
308
41
10
14
161
164
49
2
259
12
524
123
275
110
98
29
426
278
509
29
80
59
10
497
210
164
14
157
278
2577
88
10
68
43
111
156
52
62
168
465
4
1359
110
315
25
519
482
147
16
1
29
17
13
610
443
765
7
14
50
141
481
2
97
29
15
376
182
525
831
24
7
26
194
27
87
12
163
50
86
129
142
27
166
59
170
27
378
387
832
53
490
85
265
21
65
25
582
15
128
174
247
51
1806
73
1636
129
20
37
22
161
181
279
47
390
8
104
772
252
342
505
58
34
158
117
507
233
1174
32
129
464
75
1469
11
20
1391
18
105
93
131
91
203
569
3
476
859
503
265
33
71
226
255
13
16
23
297
480
17
1113
545
94
13