50
34
61
18
60
23
48
19
19
42
29
46
17
56
23
24
42
25
60
35
46
34
47
29
62
94
35
31
42
58
38
45
40
26
22
34
42
47
52
25
52
40
69
32
49
80
19
30
42
33
94
32
25
54
33
30
20
41
45
60
23
44
49
38
46
23
39
31
60
30
40
30
81
33
32
44
31
33
42
27
56
26
50
32
35
40
30
38
28
40
36
32
65
21
43
59
46
31
32
39
61
45
44
66
19
41
62
31
30
39
94
42
60
46
62
35
57
35
19
40
26
27
43
26
31
49
77
41
24
18
35
40
75
36
28
41
48
64
29
32
31
33
61
30
46
58
38
48
43
79
89
51
45
61
81
40
73
45
53
46
52
27
42
28
41
26
40
36
61
38
57
43
34
54
24
50
44
57
30
117
31
68
62
34
30
43
84
63
61
36
23
33
48
30
15
40
55
27
66
48
48
14
24
22
58
32
35
23
34
35
48
28
23
34
34
32
26
36
35
28
61
18
56
28
33
47
52
51
28
35
58
22
27
38
38
52
20
34
23
37
48
55
40
30
68
56
24
53
38
35
56
29
50
59
36
26
45
38
45
54
31
25
43
57
36
80
66
68
44
62
40
47
43
25
52
35
26
23
22
22
70
30
40
38
74
79
22
42
51
64
28
34
57
68
32
56
23
26
33
39
43
32
54
36
34
51
79
29
43
24
40
73
47
57
30
74
17
64
50
96
31
24
29
43
29
25
45
47
36
34
41
82
40
24
37
65
57
26
31
34
48
24
80
45
19
55
24
40
70
43
30
84
27
26
29
28
36
81
57
34
29
27
45
45
29
53
47
33
59
20
55
65
24
37
23
42
73
68
52
56
33
21
55
72
44
17
35
16
20
30
24
34
30
46
34
19
38
28
45
31
56
114
45
83
34
28
46
37
40
27
35
29
44
32
32
34
59
38
23
18
43
54
19
34
26
40
28
31
51
25
33
26
44
36
39
28
47
45
25
38
37
44
49
27
30
34
58
17
39
36
40
36
33
49
30
49
48
37
47
49
35
23
51
28
30
71
40
33
57
37
23
55
63
41
35
97
32
77
32
35
22
56
27
47
51
84
40
23
29
28
39
23
41
45
40
34
22
57
37
49
57
44
37
27
54
63
42
32
82
78
30
34
54
74
34
35
67
55
36
24
57
60
75
51
30
36
30
52
27
46
48
28
55
48
19
50
38
52
42
35
36
47
61
56
35
38
48
35
95
53
74
74
32
34
48
25
55
27
60
54
30
40
23
45
43
14
55
35
49
53
52
58
20
67
42
39
40
37
46
38
45
35
29
49
48
26
47
74
44
40
26
61
23
52
65
45
31
40
60
109
37
30
67
32
18
51
25
37
66
36
75
33
41
33
65
83
52
99
33
33
48
32
43
28
38
31
44
23
37
34
40
33
47
51
76
88
38
47
26
48
71
40
37
27
40
68
46
25
47
30
12
32
39
44
42
33
17
59
34
20
41
69
22
46
26
34
55
35
33
37
62
43
76
46
33
35
32
42
60
42
42
61
38
68
96
50
43
32
38
36
29
30
27
56
53
41
56
39
19
46
23
42
28
48
26
36
30
34
78
26
60
39
42
40
41
130
16
36
43
41
40
41
67
57
44
35
40
33
57
23
46
27
72
36
51
27
16
52
25
29
40
68
40
27
71
50
33
21
46
43
88
31
34
52
46
31
27
36
66
16
19
64
39
25
24
75
45
41
18
90
70
108
69
54
40
29
36
40
37
63
59
44
35
18
40
28
38
32
31
25
27
23
39
35
48
27
23
16
45
59
33
92
48
38
38
29
28
36
94
35
50
44
33
47
34
47
34
35
36
53
69
52
39
55
41
42
41
33
56
26
42
32
36
58
36
50
30
30
63
49
27
89
46
21
27
35
31
26
47
83
34
64
18
35
60
68
39
59
39
44
19
45
40
45
38
52
57
29
63
64
40
28
52
54
94
40
52
36
29
39
15
29
71
37
33
20
97
37
61
15
53
42
115
25
43
46
27
32
38
33
53
39
63
42
41
74
41
47
91
49
33
36
40
22
41
69
36
43
38
52
74
43
40
31
54
37
73
49
28
47
22
41
41
44
38
24
42
47
53
11
25
39
37
49
83
43
29
29
53
21
22
29
81
36
35
57
72
30
65
51
38
56
39
26
38
37
54
11
51
48
42
78
25
15
56
38
49
38
30
21
29
44
27
27
40
40
56
21
34
71
95
24
64
39
25
27
24
42
28
86